40 8
2 15 13 11 30 19 22 29
0000010000110000000000000000000001010000
0000010000000000000001001110001011100000
0000000000000010000000100000000000000000
0000000000000000000000100000000001000000
0000010000001000010000000000000000000000
1100100011000010010000000000000000001001
0000000101010010001000000011000000000000
0000001000010000000000001000000000100000
0000010000000000010000000001010000000000
0000011000000000000000000000001000000010
1000000000000000000000001100100000000000
1000001100000000000000000000010001000001
0000100000000000000000000000000000000000
0000000000000000000000000000000000001000
0010011000000000000000000000000000000000
0000000000000000011000100000000000000000
0000000000000000000000010010000000000000
0000110010000001000000011000000000000000
0000001000000001000000000000100000000000
0000000000000000000000000000000000000010
0000000000000000000000000001000100000000
0100000000000000000000001111000000000000
0011000000000001000000000000000000000001
0000000000000000110000000010010000000000
0100000100100000010001000000100000000000
0100000000100000000001000001000010010000
0100001000000000100001010000001000000010
0000001010000000000011000100000000000000
0000000000100000001000001000000000000000
0000000010010000000000010000000000000001
0100000001000000000000000010000100000000
0000000000000000000010000000001000000110
0100000000000000000000000100000000001000
1101000000010000000000000000000000000000
0100000100000000000000000000000000000000
1000000000000000000000000100000000000001
0000010000000100000000000000000010000000
0000000000000000000000000000000100000001
0000000001000000000100000010000100000000
0000010000010000000000100000010000010100
