50 11
12 14 28 25 1 3 40 33 26 11 47
00001000000001000011100000000000000100000000000000
00000000000000010000000100000000000010000000000000
00000000000000100100000000000000001000000000000100
00000000000000000000000001000000010000001000000000
10000000000000000001000000110000000001000000000000
00000010000000001000100000000000100000000000000000
00000100011000000000000000000000000000000010000000
00000000010000000000000000010000011000001000001000
00000000000000000000000000000000001100010000000000
00000011000110000000001000000000000010000100010000
00000010000000000000000000000000000100100000000000
00000000010000000000100000000000000000000000000000
00000000010000010000000000000000000010000000000000
10000000000000000000001000000000000000000010000000
00100000000000000000010000001000010000101000000000
01000000000010000000000000000100000000001000000000
00000100000000000001000000001010001001000000100011
00100000000000000000000000000000000010000000100100
10000000000000000001000010000000000000000010001000
10001000000000001010000010000000000000000000000001
10000100000100000000000000000100010000100000000000
00000000000000100000000000000000001010000010000000
00000000010001000000000010000000010000000000000000
01000000000000000000000000000000000000100000000000
00000000000000000011001000000100000000000010000010
00010000000000000000000000100000000000000000000000
00001000000000000000000001010000001010100000001101
00001001000000000000000000100000000001100000010001
00000000000000101000000000000000100000000000011000
00000000000000010000100010000000000000100000000000
00000000000000001000000000000000000000000100000000
00000000000000000000000000000000010010000000000000
00000100000000000000000000001000000000100000000011
00010001000000100000101000000001000000100000000000
00100001100000001000010000100000000101000000000000
10000000101000000000000000000000001000000010000000
01000000010010000100010000100001000000100001000000
00001000000000001000000000010000001000000001010000
00000000001000100000100100110100110010000000001010
00000000100000000000000000000000000000000111100000
00010001000000110000000000000000000000000000000001
00000000010000000000000000000010000000010000000100
00000010000001000010010010000000000100010000000000
00000000000000000000000000000000000011010000000000
00000000000000001100000000000000000000010000000000
00000000010000000000000000011000000001000000000010
00000001000000000010000000101000000000100000000000
00100000000000000100000000100000000000000100000001
00000000000000001000000010000000100000100000010000
00000000000000001001000000110000100000001000000100
