P0 will give away 11 frames.
Total working processors: 12
P0: best = 42
P2: best = 42
P4: best = 42
P5: best = 42
P8: best = 42
P7: best = 42
P9: best = 42
P10: best = 42
P11: best = 42
P1: best = 42
P3: best = 19
P6: best = 42
P3 has best solution (19)
23 5 28 36 31 7 39 17 33 18 26 35 1 4 0 3 9 37 40 
-------------------------
0 0 0 0 0 0 0 0 0 0 0 0 0 0 0 0 1 0 0 
0 0 0 0 0 0 0 0 0 0 0 0 1 0 0 0 0 0 0 
0 0 0 1 0 0 0 0 0 0 0 0 0 0 0 0 0 0 0 
0 0 1 0 0 0 0 0 0 0 0 0 1 1 0 0 0 0 0 
0 0 0 0 0 0 0 0 1 0 0 0 0 0 0 0 0 0 0 
0 0 0 0 0 0 0 0 0 0 0 0 0 0 1 0 0 0 0 
0 0 0 0 0 0 0 0 0 1 0 0 0 0 0 0 0 0 0 
0 0 0 0 0 0 0 0 0 1 0 0 0 0 0 0 0 0 0 
0 0 0 0 1 0 0 0 0 0 0 0 0 0 0 1 0 1 0 
0 0 0 0 0 0 1 1 0 0 0 0 1 0 1 0 1 1 1 
0 0 0 0 0 0 0 0 0 0 0 0 0 0 0 1 0 0 0 
0 0 0 0 0 0 0 0 0 0 0 0 0 0 0 0 0 0 1 
0 1 0 1 0 0 0 0 0 1 0 0 0 0 0 0 0 0 0 
0 0 0 1 0 0 0 0 0 0 0 0 0 0 0 0 0 0 0 
0 0 0 0 0 1 0 0 0 1 0 0 0 0 0 0 0 0 0 
0 0 0 0 0 0 0 0 1 0 1 0 0 0 0 0 0 1 0 
1 0 0 0 0 0 0 0 0 1 0 0 0 0 0 0 0 1 0 
0 0 0 0 0 0 0 0 1 1 0 0 0 0 0 1 1 0 0 
0 0 0 0 0 0 0 0 0 1 0 1 0 0 0 0 0 0 0 
Elapsed time: 7.22921 seconds.
