42 14
23 5 28 36 31 7 39 17 33 18 26 35 1 4
000000010010000000100000000000000000000000
001001000000001010100000000000001000100000
010000000000000000001000000100000000000000
000000000000000000001000001000001100010000
000000001000000000000100000000100000100000
010000000000000000000000000100000000000001
000000000000000000000000000000000010000100
100000000000000000000000000000000000000000
000010000000010000000000000000000000000000
000000000000000000100001000000001000010000
100000000000010000000000010100000000100000
000000000000000000000000000001100000000000
000000000000000000000000000000000000000100
000000001010000000000000000000000000000001
010000000000000100000000000001000000000000
000000000000001001000000000000000000000000
010000000000000000000000000000000000000000
000000000000000100100000000001100000000000
110000000100000001010000000000001000010110
000000000000000000100000000001000000000000
001100000000000000000000010000000000000001
000010000000000000000000000001000000000000
000000000000000000000000000000000010000001
000000000100000000000000000000000000000000
000000000000000000000000000000000100000000
000000000010000000001000000000000000000000
000100000000000000000000000000000000000000
001001000010000000000000000000010000000000
000000000000000000000000000000000000100000
000000000001001001010100000000000000000000
000010000001000001000000000000000000000000
000000000000000000000000000100000100000000
010100000100000000100000000000000000000000
000100000000000000000000100000010000010000
000000100000000000000010000000000000000100
000000000000000000000000000000000000000010
010010000010000000000000000010000000001000
000100000100000000100000000000000100000010
000000000000000000000000000000000000100000
000000100000100000100000000000000010000000
000000000000000000100000000000000001010000
000001000000010000001010000000000000000000
