P0 will give away 3 frames.
Total working processors: 4
P0: best = 13
P1: best = 40
P2: best = 40
P3: best = 40
P0 has best solution (13)
33 37 12 29 9 20 5 6 8 4 11 31 39 
-------------------------
0 0 0 0 0 0 0 0 0 0 1 0 0 
0 0 0 0 0 0 0 0 0 0 0 1 1 
0 0 0 0 0 0 0 0 0 1 0 0 0 
0 0 0 0 0 0 0 0 1 0 1 0 1 
0 0 0 0 0 0 1 1 0 0 0 0 0 
0 0 0 0 0 0 0 0 0 0 0 1 0 
0 0 0 0 1 0 0 0 1 1 0 0 1 
0 0 0 0 1 0 0 0 0 0 1 0 0 
0 0 0 1 0 0 1 0 0 0 0 0 0 
0 0 1 0 0 0 1 0 0 0 0 0 0 
1 0 0 1 0 0 0 1 0 0 0 0 0 
0 1 0 0 0 1 0 0 0 0 0 0 0 
0 1 0 1 0 0 1 0 0 0 0 0 0 
Elapsed time: 248.686 seconds.
