P0 will give away 6 frames.
Total working processors: 7
P4: best = 40
P5: best = 40
P6: best = 13
P0: best = 40
P1: best = 40
P3: best = 40
P2: best = 40
P6 has best solution (13)
33 37 12 29 9 20 5 6 8 4 11 31 39 
-------------------------
0 0 0 0 0 0 0 0 0 0 1 0 0 
0 0 0 0 0 0 0 0 0 0 0 1 1 
0 0 0 0 0 0 0 0 0 1 0 0 0 
0 0 0 0 0 0 0 0 1 0 1 0 1 
0 0 0 0 0 0 1 1 0 0 0 0 0 
0 0 0 0 0 0 0 0 0 0 0 1 0 
0 0 0 0 1 0 0 0 1 1 0 0 1 
0 0 0 0 1 0 0 0 0 0 1 0 0 
0 0 0 1 0 0 1 0 0 0 0 0 0 
0 0 1 0 0 0 1 0 0 0 0 0 0 
1 0 0 1 0 0 0 1 0 0 0 0 0 
0 1 0 0 0 1 0 0 0 0 0 0 0 
0 1 0 1 0 0 1 0 0 0 0 0 0 
Elapsed time: 14.0445 seconds.
