P0 will give away 7 frames.
Total working processors: 8
P0: best = 40
P2: best = 40
P4: best = 40
P6: best = 40
P5: best = 40
P7: best = 13
P1: best = 40
P3: best = 40
P7 has best solution (13)
33 37 12 29 9 20 5 6 8 0 4 31 39 
-------------------------
0 0 0 0 0 0 0 0 0 1 0 0 0 
0 0 0 0 0 0 0 0 0 0 0 1 1 
0 0 0 0 0 0 0 0 0 0 1 0 0 
0 0 0 0 0 0 0 0 1 0 0 0 1 
0 0 0 0 0 0 1 1 0 0 0 0 0 
0 0 0 0 0 0 0 0 0 0 0 1 0 
0 0 0 0 1 0 0 0 1 1 1 0 0 
0 0 0 0 1 0 0 0 0 0 0 0 0 
0 0 0 1 0 0 1 0 0 0 0 0 0 
1 0 0 0 0 0 1 0 0 0 0 0 0 
0 0 1 0 0 0 1 0 0 0 0 0 0 
0 1 0 0 0 1 0 0 0 0 0 0 0 
0 1 0 1 0 0 0 0 0 0 0 0 0 
Elapsed time: 0.015923 seconds.
